{
 "cells": [
  {
   "cell_type": "markdown",
   "metadata": {},
   "source": [
    "Leer archivo fifa_eda.csv"
   ]
  },
  {
   "cell_type": "code",
   "execution_count": 81,
   "metadata": {},
   "outputs": [
    {
     "data": {
      "text/html": [
       "<div>\n",
       "<style scoped>\n",
       "    .dataframe tbody tr th:only-of-type {\n",
       "        vertical-align: middle;\n",
       "    }\n",
       "\n",
       "    .dataframe tbody tr th {\n",
       "        vertical-align: top;\n",
       "    }\n",
       "\n",
       "    .dataframe thead th {\n",
       "        text-align: right;\n",
       "    }\n",
       "</style>\n",
       "<table border=\"1\" class=\"dataframe\">\n",
       "  <thead>\n",
       "    <tr style=\"text-align: right;\">\n",
       "      <th></th>\n",
       "      <th>ID</th>\n",
       "      <th>Name</th>\n",
       "      <th>Age</th>\n",
       "      <th>Nationality</th>\n",
       "      <th>Overall</th>\n",
       "      <th>Potential</th>\n",
       "      <th>Club</th>\n",
       "      <th>Value</th>\n",
       "      <th>Wage</th>\n",
       "      <th>Preferred Foot</th>\n",
       "      <th>International Reputation</th>\n",
       "      <th>Skill Moves</th>\n",
       "      <th>Position</th>\n",
       "      <th>Joined</th>\n",
       "      <th>Contract Valid Until</th>\n",
       "      <th>Height</th>\n",
       "      <th>Weight</th>\n",
       "      <th>Release Clause</th>\n",
       "    </tr>\n",
       "  </thead>\n",
       "  <tbody>\n",
       "    <tr>\n",
       "      <th>16423</th>\n",
       "      <td>231526</td>\n",
       "      <td>Y. Andzouana</td>\n",
       "      <td>21</td>\n",
       "      <td>Congo</td>\n",
       "      <td>57</td>\n",
       "      <td>69</td>\n",
       "      <td>Girona FC</td>\n",
       "      <td>190.0</td>\n",
       "      <td>3.0</td>\n",
       "      <td>Right</td>\n",
       "      <td>1.0</td>\n",
       "      <td>2.0</td>\n",
       "      <td>LM</td>\n",
       "      <td>2017</td>\n",
       "      <td>2019-01-01</td>\n",
       "      <td>5.833333</td>\n",
       "      <td>152.0</td>\n",
       "      <td>437.0</td>\n",
       "    </tr>\n",
       "    <tr>\n",
       "      <th>9637</th>\n",
       "      <td>166847</td>\n",
       "      <td>C. McCann</td>\n",
       "      <td>30</td>\n",
       "      <td>Republic of Ireland</td>\n",
       "      <td>66</td>\n",
       "      <td>66</td>\n",
       "      <td>Atlanta United</td>\n",
       "      <td>475.0</td>\n",
       "      <td>2.0</td>\n",
       "      <td>Left</td>\n",
       "      <td>1.0</td>\n",
       "      <td>3.0</td>\n",
       "      <td>LB</td>\n",
       "      <td>2016</td>\n",
       "      <td>2018-01-01</td>\n",
       "      <td>6.083333</td>\n",
       "      <td>165.0</td>\n",
       "      <td>713.0</td>\n",
       "    </tr>\n",
       "    <tr>\n",
       "      <th>1759</th>\n",
       "      <td>206427</td>\n",
       "      <td>B. Butko</td>\n",
       "      <td>27</td>\n",
       "      <td>Ukraine</td>\n",
       "      <td>75</td>\n",
       "      <td>76</td>\n",
       "      <td>Shakhtar Donetsk</td>\n",
       "      <td>6000.0</td>\n",
       "      <td>1.0</td>\n",
       "      <td>Right</td>\n",
       "      <td>1.0</td>\n",
       "      <td>3.0</td>\n",
       "      <td>RB</td>\n",
       "      <td>2013</td>\n",
       "      <td>2021-01-01</td>\n",
       "      <td>6.000000</td>\n",
       "      <td>159.0</td>\n",
       "      <td>13100.0</td>\n",
       "    </tr>\n",
       "  </tbody>\n",
       "</table>\n",
       "</div>"
      ],
      "text/plain": [
       "           ID          Name  Age          Nationality  Overall  Potential  \\\n",
       "16423  231526  Y. Andzouana   21                Congo       57         69   \n",
       "9637   166847     C. McCann   30  Republic of Ireland       66         66   \n",
       "1759   206427      B. Butko   27              Ukraine       75         76   \n",
       "\n",
       "                   Club   Value  Wage Preferred Foot  \\\n",
       "16423         Girona FC   190.0   3.0          Right   \n",
       "9637     Atlanta United   475.0   2.0           Left   \n",
       "1759   Shakhtar Donetsk  6000.0   1.0          Right   \n",
       "\n",
       "       International Reputation  Skill Moves Position  Joined  \\\n",
       "16423                       1.0          2.0       LM    2017   \n",
       "9637                        1.0          3.0       LB    2016   \n",
       "1759                        1.0          3.0       RB    2013   \n",
       "\n",
       "      Contract Valid Until    Height  Weight  Release Clause  \n",
       "16423           2019-01-01  5.833333   152.0           437.0  \n",
       "9637            2018-01-01  6.083333   165.0           713.0  \n",
       "1759            2021-01-01  6.000000   159.0         13100.0  "
      ]
     },
     "execution_count": 81,
     "metadata": {},
     "output_type": "execute_result"
    }
   ],
   "source": [
    "#Uso de librería pandas – leer archivo fifa_eda.csv \n",
    "import pandas as pd\n",
    "import numpy as numpy\n",
    "import os\n",
    "\n",
    "#Cambiar el directorio actual con chdir\n",
    "os.chdir(r'C:\\Users\\ACamacho\\Desktop\\EBAC\\MOD18-VisualizacionDeDatos\\Actividad')\n",
    "\n",
    "#read_csv para leer el archivo .csv\n",
    "df=pd.read_csv('fifa_eda.csv')\n",
    "\n",
    "#Muestra de 3 filas\n",
    "df.sample(3)"
   ]
  },
  {
   "cell_type": "markdown",
   "metadata": {},
   "source": [
    "Elemento 1: Obtener matriz de correlación y dejarla como heat map"
   ]
  },
  {
   "cell_type": "code",
   "execution_count": 4,
   "metadata": {},
   "outputs": [
    {
     "data": {
      "text/html": [
       "<div>\n",
       "<style scoped>\n",
       "    .dataframe tbody tr th:only-of-type {\n",
       "        vertical-align: middle;\n",
       "    }\n",
       "\n",
       "    .dataframe tbody tr th {\n",
       "        vertical-align: top;\n",
       "    }\n",
       "\n",
       "    .dataframe thead th {\n",
       "        text-align: right;\n",
       "    }\n",
       "</style>\n",
       "<table border=\"1\" class=\"dataframe\">\n",
       "  <thead>\n",
       "    <tr style=\"text-align: right;\">\n",
       "      <th></th>\n",
       "      <th>Age</th>\n",
       "      <th>Overall</th>\n",
       "      <th>Potential</th>\n",
       "      <th>Value</th>\n",
       "      <th>Wage</th>\n",
       "      <th>International Reputation</th>\n",
       "      <th>Skill Moves</th>\n",
       "      <th>Height</th>\n",
       "      <th>Weight</th>\n",
       "      <th>Release Clause</th>\n",
       "    </tr>\n",
       "  </thead>\n",
       "  <tbody>\n",
       "    <tr>\n",
       "      <th>12890</th>\n",
       "      <td>31</td>\n",
       "      <td>63</td>\n",
       "      <td>63</td>\n",
       "      <td>325.0</td>\n",
       "      <td>1.0</td>\n",
       "      <td>1.0</td>\n",
       "      <td>2.0</td>\n",
       "      <td>6.166667</td>\n",
       "      <td>181.0</td>\n",
       "      <td>569.0</td>\n",
       "    </tr>\n",
       "    <tr>\n",
       "      <th>327</th>\n",
       "      <td>24</td>\n",
       "      <td>81</td>\n",
       "      <td>87</td>\n",
       "      <td>21000.0</td>\n",
       "      <td>105.0</td>\n",
       "      <td>2.0</td>\n",
       "      <td>2.0</td>\n",
       "      <td>6.083333</td>\n",
       "      <td>170.0</td>\n",
       "      <td>43100.0</td>\n",
       "    </tr>\n",
       "    <tr>\n",
       "      <th>13067</th>\n",
       "      <td>26</td>\n",
       "      <td>62</td>\n",
       "      <td>63</td>\n",
       "      <td>350.0</td>\n",
       "      <td>1.0</td>\n",
       "      <td>1.0</td>\n",
       "      <td>2.0</td>\n",
       "      <td>5.583333</td>\n",
       "      <td>139.0</td>\n",
       "      <td>639.0</td>\n",
       "    </tr>\n",
       "  </tbody>\n",
       "</table>\n",
       "</div>"
      ],
      "text/plain": [
       "       Age  Overall  Potential    Value   Wage  International Reputation  \\\n",
       "12890   31       63         63    325.0    1.0                       1.0   \n",
       "327     24       81         87  21000.0  105.0                       2.0   \n",
       "13067   26       62         63    350.0    1.0                       1.0   \n",
       "\n",
       "       Skill Moves    Height  Weight  Release Clause  \n",
       "12890          2.0  6.166667   181.0           569.0  \n",
       "327            2.0  6.083333   170.0         43100.0  \n",
       "13067          2.0  5.583333   139.0           639.0  "
      ]
     },
     "execution_count": 4,
     "metadata": {},
     "output_type": "execute_result"
    }
   ],
   "source": [
    "import plotly.express as px\n",
    "\n",
    "#Dataframe para analisis de correlacion\n",
    "\n",
    "#Valores numéricos:\n",
    "df[['Age','Overall','Potential','Value','Wage', 'International Reputation', 'Skill Moves','Height','Weight', 'Release Clause']].sample(3)"
   ]
  },
  {
   "cell_type": "code",
   "execution_count": 15,
   "metadata": {},
   "outputs": [
    {
     "name": "stdout",
     "output_type": "stream",
     "text": [
      "                               Age   Overall  Potential     Value      Wage  \\\n",
      "Age                       1.000000  0.452350  -0.253312  0.078315  0.141145   \n",
      "Overall                   0.452350  1.000000   0.660939  0.631848  0.571926   \n",
      "Potential                -0.253312  0.660939   1.000000  0.579608  0.486413   \n",
      "Value                     0.078315  0.631848   0.579608  1.000000  0.858086   \n",
      "Wage                      0.141145  0.571926   0.486413  0.858086  1.000000   \n",
      "International Reputation  0.253765  0.499491   0.372993  0.656158  0.668635   \n",
      "Skill Moves               0.027649  0.414463   0.354290  0.317246  0.263205   \n",
      "Height                    0.082506  0.038527  -0.009791  0.002827  0.019638   \n",
      "Weight                    0.229940  0.154557  -0.006935  0.046702  0.064764   \n",
      "Release Clause            0.058672  0.597821   0.562346  0.973310  0.828161   \n",
      "\n",
      "                          International Reputation  Skill Moves    Height  \\\n",
      "Age                                       0.253765     0.027649  0.082506   \n",
      "Overall                                   0.499491     0.414463  0.038527   \n",
      "Potential                                 0.372993     0.354290 -0.009791   \n",
      "Value                                     0.656158     0.317246  0.002827   \n",
      "Wage                                      0.668635     0.263205  0.019638   \n",
      "International Reputation                  1.000000     0.208153  0.034881   \n",
      "Skill Moves                               0.208153     1.000000 -0.422753   \n",
      "Height                                    0.034881    -0.422753  1.000000   \n",
      "Weight                                    0.088340    -0.351209  0.754678   \n",
      "Release Clause                            0.620863     0.297471  0.001835   \n",
      "\n",
      "                            Weight  Release Clause  \n",
      "Age                       0.229940        0.058672  \n",
      "Overall                   0.154557        0.597821  \n",
      "Potential                -0.006935        0.562346  \n",
      "Value                     0.046702        0.973310  \n",
      "Wage                      0.064764        0.828161  \n",
      "International Reputation  0.088340        0.620863  \n",
      "Skill Moves              -0.351209        0.297471  \n",
      "Height                    0.754678        0.001835  \n",
      "Weight                    1.000000        0.038103  \n",
      "Release Clause            0.038103        1.000000  \n"
     ]
    }
   ],
   "source": [
    "#Generación de la matriz de correlación:\n",
    "\n",
    "num_values=df[['Age','Overall','Potential','Value','Wage', 'International Reputation', 'Skill Moves','Height','Weight', 'Release Clause']]\n",
    "corr_matrix=num_values.corr()\n",
    "print(corr_matrix)"
   ]
  },
  {
   "cell_type": "code",
   "execution_count": 77,
   "metadata": {},
   "outputs": [
    {
     "data": {
      "application/vnd.plotly.v1+json": {
       "config": {
        "plotlyServerURL": "https://plot.ly"
       },
       "data": [
        {
         "coloraxis": "coloraxis",
         "hovertemplate": "x: %{x}<br>y: %{y}<br>color: %{z}<extra></extra>",
         "name": "0",
         "texttemplate": "%{z}",
         "type": "heatmap",
         "x": [
          "Age",
          "Overall",
          "Potential",
          "Value",
          "Wage",
          "International Reputation",
          "Skill Moves",
          "Height",
          "Weight",
          "Release Clause"
         ],
         "xaxis": "x",
         "y": [
          "Age",
          "Overall",
          "Potential",
          "Value",
          "Wage",
          "International Reputation",
          "Skill Moves",
          "Height",
          "Weight",
          "Release Clause"
         ],
         "yaxis": "y",
         "z": [
          [
           1,
           0.45234952145633345,
           -0.25331210741097177,
           0.07831456410597097,
           0.14114503108397372,
           0.25376524523720784,
           0.02764882682873969,
           0.08250611758789637,
           0.2299399958202655,
           0.058672072739603495
          ],
          [
           0.45234952145633345,
           1,
           0.6609385409937739,
           0.6318477413577581,
           0.5719260112876119,
           0.4994911571283042,
           0.41446323510268385,
           0.03852727374437707,
           0.154557312556193,
           0.5978213600711941
          ],
          [
           -0.25331210741097177,
           0.6609385409937739,
           1,
           0.579607675899885,
           0.4864131740517056,
           0.3729926999048472,
           0.35429008003536,
           -0.009790742181972865,
           -0.006935283203133863,
           0.5623455099315674
          ],
          [
           0.07831456410597097,
           0.6318477413577581,
           0.579607675899885,
           1,
           0.8580862371713892,
           0.6561584940744872,
           0.31724577042799934,
           0.002826938058260512,
           0.04670159222329296,
           0.9733101087804972
          ],
          [
           0.14114503108397372,
           0.5719260112876119,
           0.4864131740517056,
           0.8580862371713892,
           1,
           0.668634635300607,
           0.2632050447291856,
           0.019637958132316686,
           0.06476442083187048,
           0.8281609026616102
          ],
          [
           0.25376524523720784,
           0.4994911571283042,
           0.3729926999048472,
           0.6561584940744872,
           0.668634635300607,
           1,
           0.20815268522149813,
           0.034880716798680315,
           0.08834040302755708,
           0.620862646293249
          ],
          [
           0.02764882682873969,
           0.41446323510268385,
           0.35429008003536,
           0.31724577042799934,
           0.2632050447291856,
           0.20815268522149813,
           1,
           -0.4227530419632704,
           -0.35120931158078106,
           0.2974708053902865
          ],
          [
           0.08250611758789637,
           0.03852727374437707,
           -0.009790742181972865,
           0.002826938058260512,
           0.019637958132316686,
           0.034880716798680315,
           -0.4227530419632704,
           1,
           0.7546782163284768,
           0.0018347431427932221
          ],
          [
           0.2299399958202655,
           0.154557312556193,
           -0.006935283203133863,
           0.04670159222329296,
           0.06476442083187048,
           0.08834040302755708,
           -0.35120931158078106,
           0.7546782163284768,
           1,
           0.03810335932487516
          ],
          [
           0.058672072739603495,
           0.5978213600711941,
           0.5623455099315674,
           0.9733101087804972,
           0.8281609026616102,
           0.620862646293249,
           0.2974708053902865,
           0.0018347431427932221,
           0.03810335932487516,
           1
          ]
         ]
        }
       ],
       "layout": {
        "coloraxis": {
         "colorscale": [
          [
           0,
           "#0d0887"
          ],
          [
           0.1111111111111111,
           "#46039f"
          ],
          [
           0.2222222222222222,
           "#7201a8"
          ],
          [
           0.3333333333333333,
           "#9c179e"
          ],
          [
           0.4444444444444444,
           "#bd3786"
          ],
          [
           0.5555555555555556,
           "#d8576b"
          ],
          [
           0.6666666666666666,
           "#ed7953"
          ],
          [
           0.7777777777777778,
           "#fb9f3a"
          ],
          [
           0.8888888888888888,
           "#fdca26"
          ],
          [
           1,
           "#f0f921"
          ]
         ]
        },
        "margin": {
         "t": 60
        },
        "template": {
         "data": {
          "bar": [
           {
            "error_x": {
             "color": "#2a3f5f"
            },
            "error_y": {
             "color": "#2a3f5f"
            },
            "marker": {
             "line": {
              "color": "#E5ECF6",
              "width": 0.5
             },
             "pattern": {
              "fillmode": "overlay",
              "size": 10,
              "solidity": 0.2
             }
            },
            "type": "bar"
           }
          ],
          "barpolar": [
           {
            "marker": {
             "line": {
              "color": "#E5ECF6",
              "width": 0.5
             },
             "pattern": {
              "fillmode": "overlay",
              "size": 10,
              "solidity": 0.2
             }
            },
            "type": "barpolar"
           }
          ],
          "carpet": [
           {
            "aaxis": {
             "endlinecolor": "#2a3f5f",
             "gridcolor": "white",
             "linecolor": "white",
             "minorgridcolor": "white",
             "startlinecolor": "#2a3f5f"
            },
            "baxis": {
             "endlinecolor": "#2a3f5f",
             "gridcolor": "white",
             "linecolor": "white",
             "minorgridcolor": "white",
             "startlinecolor": "#2a3f5f"
            },
            "type": "carpet"
           }
          ],
          "choropleth": [
           {
            "colorbar": {
             "outlinewidth": 0,
             "ticks": ""
            },
            "type": "choropleth"
           }
          ],
          "contour": [
           {
            "colorbar": {
             "outlinewidth": 0,
             "ticks": ""
            },
            "colorscale": [
             [
              0,
              "#0d0887"
             ],
             [
              0.1111111111111111,
              "#46039f"
             ],
             [
              0.2222222222222222,
              "#7201a8"
             ],
             [
              0.3333333333333333,
              "#9c179e"
             ],
             [
              0.4444444444444444,
              "#bd3786"
             ],
             [
              0.5555555555555556,
              "#d8576b"
             ],
             [
              0.6666666666666666,
              "#ed7953"
             ],
             [
              0.7777777777777778,
              "#fb9f3a"
             ],
             [
              0.8888888888888888,
              "#fdca26"
             ],
             [
              1,
              "#f0f921"
             ]
            ],
            "type": "contour"
           }
          ],
          "contourcarpet": [
           {
            "colorbar": {
             "outlinewidth": 0,
             "ticks": ""
            },
            "type": "contourcarpet"
           }
          ],
          "heatmap": [
           {
            "colorbar": {
             "outlinewidth": 0,
             "ticks": ""
            },
            "colorscale": [
             [
              0,
              "#0d0887"
             ],
             [
              0.1111111111111111,
              "#46039f"
             ],
             [
              0.2222222222222222,
              "#7201a8"
             ],
             [
              0.3333333333333333,
              "#9c179e"
             ],
             [
              0.4444444444444444,
              "#bd3786"
             ],
             [
              0.5555555555555556,
              "#d8576b"
             ],
             [
              0.6666666666666666,
              "#ed7953"
             ],
             [
              0.7777777777777778,
              "#fb9f3a"
             ],
             [
              0.8888888888888888,
              "#fdca26"
             ],
             [
              1,
              "#f0f921"
             ]
            ],
            "type": "heatmap"
           }
          ],
          "heatmapgl": [
           {
            "colorbar": {
             "outlinewidth": 0,
             "ticks": ""
            },
            "colorscale": [
             [
              0,
              "#0d0887"
             ],
             [
              0.1111111111111111,
              "#46039f"
             ],
             [
              0.2222222222222222,
              "#7201a8"
             ],
             [
              0.3333333333333333,
              "#9c179e"
             ],
             [
              0.4444444444444444,
              "#bd3786"
             ],
             [
              0.5555555555555556,
              "#d8576b"
             ],
             [
              0.6666666666666666,
              "#ed7953"
             ],
             [
              0.7777777777777778,
              "#fb9f3a"
             ],
             [
              0.8888888888888888,
              "#fdca26"
             ],
             [
              1,
              "#f0f921"
             ]
            ],
            "type": "heatmapgl"
           }
          ],
          "histogram": [
           {
            "marker": {
             "pattern": {
              "fillmode": "overlay",
              "size": 10,
              "solidity": 0.2
             }
            },
            "type": "histogram"
           }
          ],
          "histogram2d": [
           {
            "colorbar": {
             "outlinewidth": 0,
             "ticks": ""
            },
            "colorscale": [
             [
              0,
              "#0d0887"
             ],
             [
              0.1111111111111111,
              "#46039f"
             ],
             [
              0.2222222222222222,
              "#7201a8"
             ],
             [
              0.3333333333333333,
              "#9c179e"
             ],
             [
              0.4444444444444444,
              "#bd3786"
             ],
             [
              0.5555555555555556,
              "#d8576b"
             ],
             [
              0.6666666666666666,
              "#ed7953"
             ],
             [
              0.7777777777777778,
              "#fb9f3a"
             ],
             [
              0.8888888888888888,
              "#fdca26"
             ],
             [
              1,
              "#f0f921"
             ]
            ],
            "type": "histogram2d"
           }
          ],
          "histogram2dcontour": [
           {
            "colorbar": {
             "outlinewidth": 0,
             "ticks": ""
            },
            "colorscale": [
             [
              0,
              "#0d0887"
             ],
             [
              0.1111111111111111,
              "#46039f"
             ],
             [
              0.2222222222222222,
              "#7201a8"
             ],
             [
              0.3333333333333333,
              "#9c179e"
             ],
             [
              0.4444444444444444,
              "#bd3786"
             ],
             [
              0.5555555555555556,
              "#d8576b"
             ],
             [
              0.6666666666666666,
              "#ed7953"
             ],
             [
              0.7777777777777778,
              "#fb9f3a"
             ],
             [
              0.8888888888888888,
              "#fdca26"
             ],
             [
              1,
              "#f0f921"
             ]
            ],
            "type": "histogram2dcontour"
           }
          ],
          "mesh3d": [
           {
            "colorbar": {
             "outlinewidth": 0,
             "ticks": ""
            },
            "type": "mesh3d"
           }
          ],
          "parcoords": [
           {
            "line": {
             "colorbar": {
              "outlinewidth": 0,
              "ticks": ""
             }
            },
            "type": "parcoords"
           }
          ],
          "pie": [
           {
            "automargin": true,
            "type": "pie"
           }
          ],
          "scatter": [
           {
            "fillpattern": {
             "fillmode": "overlay",
             "size": 10,
             "solidity": 0.2
            },
            "type": "scatter"
           }
          ],
          "scatter3d": [
           {
            "line": {
             "colorbar": {
              "outlinewidth": 0,
              "ticks": ""
             }
            },
            "marker": {
             "colorbar": {
              "outlinewidth": 0,
              "ticks": ""
             }
            },
            "type": "scatter3d"
           }
          ],
          "scattercarpet": [
           {
            "marker": {
             "colorbar": {
              "outlinewidth": 0,
              "ticks": ""
             }
            },
            "type": "scattercarpet"
           }
          ],
          "scattergeo": [
           {
            "marker": {
             "colorbar": {
              "outlinewidth": 0,
              "ticks": ""
             }
            },
            "type": "scattergeo"
           }
          ],
          "scattergl": [
           {
            "marker": {
             "colorbar": {
              "outlinewidth": 0,
              "ticks": ""
             }
            },
            "type": "scattergl"
           }
          ],
          "scattermapbox": [
           {
            "marker": {
             "colorbar": {
              "outlinewidth": 0,
              "ticks": ""
             }
            },
            "type": "scattermapbox"
           }
          ],
          "scatterpolar": [
           {
            "marker": {
             "colorbar": {
              "outlinewidth": 0,
              "ticks": ""
             }
            },
            "type": "scatterpolar"
           }
          ],
          "scatterpolargl": [
           {
            "marker": {
             "colorbar": {
              "outlinewidth": 0,
              "ticks": ""
             }
            },
            "type": "scatterpolargl"
           }
          ],
          "scatterternary": [
           {
            "marker": {
             "colorbar": {
              "outlinewidth": 0,
              "ticks": ""
             }
            },
            "type": "scatterternary"
           }
          ],
          "surface": [
           {
            "colorbar": {
             "outlinewidth": 0,
             "ticks": ""
            },
            "colorscale": [
             [
              0,
              "#0d0887"
             ],
             [
              0.1111111111111111,
              "#46039f"
             ],
             [
              0.2222222222222222,
              "#7201a8"
             ],
             [
              0.3333333333333333,
              "#9c179e"
             ],
             [
              0.4444444444444444,
              "#bd3786"
             ],
             [
              0.5555555555555556,
              "#d8576b"
             ],
             [
              0.6666666666666666,
              "#ed7953"
             ],
             [
              0.7777777777777778,
              "#fb9f3a"
             ],
             [
              0.8888888888888888,
              "#fdca26"
             ],
             [
              1,
              "#f0f921"
             ]
            ],
            "type": "surface"
           }
          ],
          "table": [
           {
            "cells": {
             "fill": {
              "color": "#EBF0F8"
             },
             "line": {
              "color": "white"
             }
            },
            "header": {
             "fill": {
              "color": "#C8D4E3"
             },
             "line": {
              "color": "white"
             }
            },
            "type": "table"
           }
          ]
         },
         "layout": {
          "annotationdefaults": {
           "arrowcolor": "#2a3f5f",
           "arrowhead": 0,
           "arrowwidth": 1
          },
          "autotypenumbers": "strict",
          "coloraxis": {
           "colorbar": {
            "outlinewidth": 0,
            "ticks": ""
           }
          },
          "colorscale": {
           "diverging": [
            [
             0,
             "#8e0152"
            ],
            [
             0.1,
             "#c51b7d"
            ],
            [
             0.2,
             "#de77ae"
            ],
            [
             0.3,
             "#f1b6da"
            ],
            [
             0.4,
             "#fde0ef"
            ],
            [
             0.5,
             "#f7f7f7"
            ],
            [
             0.6,
             "#e6f5d0"
            ],
            [
             0.7,
             "#b8e186"
            ],
            [
             0.8,
             "#7fbc41"
            ],
            [
             0.9,
             "#4d9221"
            ],
            [
             1,
             "#276419"
            ]
           ],
           "sequential": [
            [
             0,
             "#0d0887"
            ],
            [
             0.1111111111111111,
             "#46039f"
            ],
            [
             0.2222222222222222,
             "#7201a8"
            ],
            [
             0.3333333333333333,
             "#9c179e"
            ],
            [
             0.4444444444444444,
             "#bd3786"
            ],
            [
             0.5555555555555556,
             "#d8576b"
            ],
            [
             0.6666666666666666,
             "#ed7953"
            ],
            [
             0.7777777777777778,
             "#fb9f3a"
            ],
            [
             0.8888888888888888,
             "#fdca26"
            ],
            [
             1,
             "#f0f921"
            ]
           ],
           "sequentialminus": [
            [
             0,
             "#0d0887"
            ],
            [
             0.1111111111111111,
             "#46039f"
            ],
            [
             0.2222222222222222,
             "#7201a8"
            ],
            [
             0.3333333333333333,
             "#9c179e"
            ],
            [
             0.4444444444444444,
             "#bd3786"
            ],
            [
             0.5555555555555556,
             "#d8576b"
            ],
            [
             0.6666666666666666,
             "#ed7953"
            ],
            [
             0.7777777777777778,
             "#fb9f3a"
            ],
            [
             0.8888888888888888,
             "#fdca26"
            ],
            [
             1,
             "#f0f921"
            ]
           ]
          },
          "colorway": [
           "#636efa",
           "#EF553B",
           "#00cc96",
           "#ab63fa",
           "#FFA15A",
           "#19d3f3",
           "#FF6692",
           "#B6E880",
           "#FF97FF",
           "#FECB52"
          ],
          "font": {
           "color": "#2a3f5f"
          },
          "geo": {
           "bgcolor": "white",
           "lakecolor": "white",
           "landcolor": "#E5ECF6",
           "showlakes": true,
           "showland": true,
           "subunitcolor": "white"
          },
          "hoverlabel": {
           "align": "left"
          },
          "hovermode": "closest",
          "mapbox": {
           "style": "light"
          },
          "paper_bgcolor": "white",
          "plot_bgcolor": "#E5ECF6",
          "polar": {
           "angularaxis": {
            "gridcolor": "white",
            "linecolor": "white",
            "ticks": ""
           },
           "bgcolor": "#E5ECF6",
           "radialaxis": {
            "gridcolor": "white",
            "linecolor": "white",
            "ticks": ""
           }
          },
          "scene": {
           "xaxis": {
            "backgroundcolor": "#E5ECF6",
            "gridcolor": "white",
            "gridwidth": 2,
            "linecolor": "white",
            "showbackground": true,
            "ticks": "",
            "zerolinecolor": "white"
           },
           "yaxis": {
            "backgroundcolor": "#E5ECF6",
            "gridcolor": "white",
            "gridwidth": 2,
            "linecolor": "white",
            "showbackground": true,
            "ticks": "",
            "zerolinecolor": "white"
           },
           "zaxis": {
            "backgroundcolor": "#E5ECF6",
            "gridcolor": "white",
            "gridwidth": 2,
            "linecolor": "white",
            "showbackground": true,
            "ticks": "",
            "zerolinecolor": "white"
           }
          },
          "shapedefaults": {
           "line": {
            "color": "#2a3f5f"
           }
          },
          "ternary": {
           "aaxis": {
            "gridcolor": "white",
            "linecolor": "white",
            "ticks": ""
           },
           "baxis": {
            "gridcolor": "white",
            "linecolor": "white",
            "ticks": ""
           },
           "bgcolor": "#E5ECF6",
           "caxis": {
            "gridcolor": "white",
            "linecolor": "white",
            "ticks": ""
           }
          },
          "title": {
           "x": 0.05
          },
          "xaxis": {
           "automargin": true,
           "gridcolor": "white",
           "linecolor": "white",
           "ticks": "",
           "title": {
            "standoff": 15
           },
           "zerolinecolor": "white",
           "zerolinewidth": 2
          },
          "yaxis": {
           "automargin": true,
           "gridcolor": "white",
           "linecolor": "white",
           "ticks": "",
           "title": {
            "standoff": 15
           },
           "zerolinecolor": "white",
           "zerolinewidth": 2
          }
         }
        },
        "xaxis": {
         "anchor": "y",
         "constrain": "domain",
         "domain": [
          0,
          1
         ],
         "scaleanchor": "y"
        },
        "yaxis": {
         "anchor": "x",
         "autorange": "reversed",
         "constrain": "domain",
         "domain": [
          0,
          1
         ]
        }
       }
      }
     },
     "metadata": {},
     "output_type": "display_data"
    }
   ],
   "source": [
    "#Heatmap de correlacion\n",
    "\n",
    "fig=px.imshow(corr_matrix, text_auto=True)\n",
    "fig.show()"
   ]
  },
  {
   "cell_type": "code",
   "execution_count": 13,
   "metadata": {},
   "outputs": [
    {
     "data": {
      "application/vnd.plotly.v1+json": {
       "config": {
        "plotlyServerURL": "https://plot.ly"
       },
       "data": [
        {
         "coloraxis": "coloraxis",
         "hovertemplate": "Variables: %{x}<br>Variables: %{y}<br>color: %{z}<extra></extra>",
         "name": "0",
         "showscale": false,
         "text": [
          [
           1,
           0.45234952145633345,
           -0.25331210741097177,
           0.07831456410597097,
           0.14114503108397372,
           0.25376524523720784,
           0.02764882682873969,
           0.08250611758789637,
           0.2299399958202655,
           0.058672072739603495
          ],
          [
           0.45234952145633345,
           1,
           0.6609385409937739,
           0.6318477413577581,
           0.5719260112876119,
           0.4994911571283042,
           0.41446323510268385,
           0.03852727374437707,
           0.154557312556193,
           0.5978213600711941
          ],
          [
           -0.25331210741097177,
           0.6609385409937739,
           1,
           0.579607675899885,
           0.4864131740517056,
           0.3729926999048472,
           0.35429008003536,
           -0.009790742181972865,
           -0.006935283203133863,
           0.5623455099315674
          ],
          [
           0.07831456410597097,
           0.6318477413577581,
           0.579607675899885,
           1,
           0.8580862371713892,
           0.6561584940744872,
           0.31724577042799934,
           0.002826938058260512,
           0.04670159222329296,
           0.9733101087804972
          ],
          [
           0.14114503108397372,
           0.5719260112876119,
           0.4864131740517056,
           0.8580862371713892,
           1,
           0.668634635300607,
           0.2632050447291856,
           0.019637958132316686,
           0.06476442083187048,
           0.8281609026616102
          ],
          [
           0.25376524523720784,
           0.4994911571283042,
           0.3729926999048472,
           0.6561584940744872,
           0.668634635300607,
           1,
           0.20815268522149813,
           0.034880716798680315,
           0.08834040302755708,
           0.620862646293249
          ],
          [
           0.02764882682873969,
           0.41446323510268385,
           0.35429008003536,
           0.31724577042799934,
           0.2632050447291856,
           0.20815268522149813,
           1,
           -0.4227530419632704,
           -0.35120931158078106,
           0.2974708053902865
          ],
          [
           0.08250611758789637,
           0.03852727374437707,
           -0.009790742181972865,
           0.002826938058260512,
           0.019637958132316686,
           0.034880716798680315,
           -0.4227530419632704,
           1,
           0.7546782163284768,
           0.0018347431427932221
          ],
          [
           0.2299399958202655,
           0.154557312556193,
           -0.006935283203133863,
           0.04670159222329296,
           0.06476442083187048,
           0.08834040302755708,
           -0.35120931158078106,
           0.7546782163284768,
           1,
           0.03810335932487516
          ],
          [
           0.058672072739603495,
           0.5978213600711941,
           0.5623455099315674,
           0.9733101087804972,
           0.8281609026616102,
           0.620862646293249,
           0.2974708053902865,
           0.0018347431427932221,
           0.03810335932487516,
           1
          ]
         ],
         "type": "heatmap",
         "x": [
          "Age",
          "Overall",
          "Potential",
          "Value",
          "Wage",
          "International Reputation",
          "Skill Moves",
          "Height",
          "Weight",
